Date,Open,High,Low,Close,Volume
2016-01-01 00:00:00+00:00,430.76,430.88,430.5,430.87,492
2016-01-01 00:10:00+00:00,430.87,430.87,430.87,430.87,0
2016-01-01 00:20:00+00:00,430.87,430.87,430.86,430.86,608
2016-01-01 00:30:00+00:00,430.86,431.0,430.86,431.0,292
2016-01-01 00:40:00+00:00,431.0,431.0,431.0,431.0,0
2016-01-01 00:50:00+00:00,431.0,431.0,431.0,431.0,0
2016-01-01 01:00:00+00:00,431.0,431.0,431.0,431.0,0
2016-01-01 01:10:00+00:00,431.0,431.0,431.0,431.0,0
2016-01-01 01:20:00+00:00,431.0,431.0,431.0,431.0,0
2016-01-01 01:30:00+00:00,431.0,431.0,431.0,431.0,0
2016-01-01 01:40:00+00:00,431.0,431.58,430.41,431.58,4000
2016-01-01 01:50:00+00:00,431.58,431.58,431.58,431.58,0
2016-01-01 02:00:00+00:00,431.58,431.58,431.58,431.58,0
2016-01-01 02:10:00+00:00,431.58,431.58,431.58,431.58,0
2016-01-01 02:20:00+00:00,431.58,431.58,431.58,431.58,0
2016-01-01 02:30:00+00:00,431.58,431.58,431.58,431.58,0
2016-01-01 02:40:00+00:00,431.58,431.58,431.58,431.58,0
2016-01-01 02:50:00+00:00,431.58,431.58,431.58,431.58,0
2016-01-01 03:00:00+00:00,431.58,431.58,431.58,431.58,0
2016-01-01 03:10:00+00:00,431.58,431.58,431.58,431.58,0
2016-01-01 03:20:00+00:00,431.58,431.58,431.58,431.58,0
2016-01-01 03:30:00+00:00,431.58,431.58,431.58,431.58,0
2016-01-01 03:40:00+00:00,431.58,431.58,431.58,431.58,0
2016-01-01 03:50:00+00:00,431.58,431.58,431.4,431.4,5000
2016-01-01 04:00:00+00:00,431.4,431.4,431.4,431.4,0
2016-01-01 04:10:00+00:00,431.4,433.41,431.4,432.46,21963
2016-01-01 04:20:00+00:00,432.46,434.99,432.46,433.2,11275
2016-01-01 04:30:00+00:00,433.2,433.42,431.56,431.56,2308
2016-01-01 04:40:00+00:00,431.56,435.05,431.56,435.05,21834
2016-01-01 04:50:00+00:00,435.05,435.3,433.52,433.6,7740
2016-01-01 05:00:00+00:00,433.6,433.62,433.52,433.6,1172
2016-01-01 05:10:00+00:00,433.6,434.25,433.55,433.75,1176
2016-01-01 05:20:00+00:00,433.75,435.57,433.7,433.81,4641
2016-01-01 05:30:00+00:00,433.81,435.6,433.81,434.0,630
2016-01-01 05:40:00+00:00,434.0,434.72,434.0,434.7,870
2016-01-01 05:50:00+00:00,434.7,436.35,433.6,433.6,1359
2016-01-01 06:00:00+00:00,433.6,434.69,430.0,431.93,10459
2016-01-01 06:10:00+00:00,431.93,433.49,431.93,433.0,1723
2016-01-01 06:20:00+00:00,433.0,433.38,432.4,432.41,2507
2016-01-01 06:30:00+00:00,432.41,433.19,431.35,433.19,4358
2016-01-01 06:40:00+00:00,433.19,433.95,433.19,433.69,1552
2016-01-01 06:50:00+00:00,433.69,433.69,433.0,433.3,746
2016-01-01 07:00:00+00:00,433.3,434.9,433.3,434.9,10800
2016-01-01 07:10:00+00:00,434.9,436.65,434.9,436.65,2769
2016-01-01 07:20:00+00:00,436.65,436.65,434.91,436.4,3926
2016-01-01 07:30:00+00:00,436.4,436.7,434.57,434.57,5046
2016-01-01 07:40:00+00:00,434.57,434.58,434.03,434.03,888
2016-01-01 07:50:00+00:00,434.03,434.5,432.38,432.47,4159
2016-01-01 08:00:00+00:00,432.47,433.0,430.0,433.0,6779
2016-01-01 08:10:00+00:00,433.0,433.0,432.98,432.98,689
2016-01-01 08:20:00+00:00,432.98,433.99,431.07,431.07,2966
2016-01-01 08:30:00+00:00,431.07,434.89,431.07,434.89,1503
2016-01-01 08:40:00+00:00,434.89,435.45,432.24,432.24,1596
2016-01-01 08:50:00+00:00,432.24,434.28,432.1,434.23,6172
2016-01-01 09:00:00+00:00,434.23,434.23,432.0,432.23,5390
2016-01-01 09:10:00+00:00,432.23,434.13,432.02,433.4,7033
2016-01-01 09:20:00+00:00,433.4,433.4,432.02,432.86,3697
2016-01-01 09:30:00+00:00,432.86,432.87,432.86,432.87,250
2016-01-01 09:40:00+00:00,432.87,432.87,432.82,432.82,30
2016-01-01 09:50:00+00:00,432.82,432.82,432.0,432.0,60
2016-01-01 10:00:00+00:00,432.0,432.5,432.0,432.0,1050
2016-01-01 10:10:00+00:00,432.0,432.0,430.83,430.95,2085
2016-01-01 10:20:00+00:00,430.95,432.19,430.76,432.19,5462
2016-01-01 10:30:00+00:00,432.19,432.19,431.25,432.16,490
2016-01-01 10:40:00+00:00,432.16,432.2,432.16,432.19,1193
2016-01-01 10:50:00+00:00,432.19,432.2,430.79,430.79,1568
2016-01-01 11:00:00+00:00,430.79,430.79,430.79,430.79,0
2016-01-01 11:10:00+00:00,430.79,430.79,430.79,430.79,0
2016-01-01 11:20:00+00:00,430.79,430.79,430.79,430.79,0
2016-01-01 11:30:00+00:00,430.79,430.79,430.79,430.79,0
2016-01-01 11:40:00+00:00,430.79,430.79,430.79,430.79,0
2016-01-01 11:50:00+00:00,430.79,432.81,430.79,432.81,100
2016-01-01 12:00:00+00:00,432.81,434.88,432.15,433.0,2220
2016-01-01 12:10:00+00:00,433.0,433.0,432.17,432.17,7693
2016-01-01 12:20:00+00:00,432.17,432.17,431.01,431.01,4950
2016-01-01 12:30:00+00:00,431.01,431.77,431.01,431.7,3000
2016-01-01 12:40:00+00:00,431.7,431.7,430.95,430.95,3975
2016-01-01 12:50:00+00:00,430.95,430.95,430.95,430.95,0
2016-01-01 13:00:00+00:00,430.95,431.12,430.95,431.12,250
2016-01-01 13:10:00+00:00,431.12,431.7,431.12,431.7,1000
2016-01-01 13:20:00+00:00,431.7,431.7,431.13,431.13,10
2016-01-01 13:30:00+00:00,431.13,431.13,431.12,431.12,25
2016-01-01 13:40:00+00:00,431.12,431.12,431.12,431.12,0
2016-01-01 13:50:00+00:00,431.12,431.12,426.37,426.5,6928
2016-01-01 14:00:00+00:00,426.5,428.5,426.5,428.5,4480
2016-01-01 14:10:00+00:00,428.5,429.49,428.5,429.22,6760
2016-01-01 14:20:00+00:00,429.22,429.22,429.22,429.22,0
2016-01-01 14:30:00+00:00,429.22,429.93,429.22,429.93,1191
2016-01-01 14:40:00+00:00,429.93,430.2,429.93,430.2,10
2016-01-01 14:50:00+00:00,430.2,430.99,430.2,430.99,2000
2016-01-01 15:00:00+00:00,430.99,430.99,430.99,430.99,0
2016-01-01 15:10:00+00:00,430.99,431.48,430.99,431.48,4388
2016-01-01 15:20:00+00:00,431.48,433.99,431.48,433.12,14978
2016-01-01 15:30:00+00:00,433.12,433.12,433.12,433.12,0
2016-01-01 15:40:00+00:00,433.12,433.79,432.78,432.78,6701
2016-01-01 15:50:00+00:00,432.78,432.78,432.78,432.78,0
2016-01-01 16:00:00+00:00,432.78,432.78,432.62,432.62,75
2016-01-01 16:10:00+00:00,432.62,432.62,432.62,432.62,0
2016-01-01 16:20:00+00:00,432.62,432.62,432.62,432.62,0
2016-01-01 16:30:00+00:00,432.62,432.62,432.62,432.62,0
2016-01-01 16:40:00+00:00,432.62,432.62,432.18,432.18,1000
2016-01-01 16:50:00+00:00,432.18,432.18,431.76,431.85,4003
2016-01-01 17:00:00+00:00,431.85,431.85,431.85,431.85,0
2016-01-01 17:10:00+00:00,431.85,433.07,431.85,433.07,390
2016-01-01 17:20:00+00:00,433.07,433.07,432.65,432.65,300
2016-01-01 17:30:00+00:00,432.65,432.65,432.6,432.6,1800
2016-01-01 17:40:00+00:00,432.6,432.78,432.09,432.09,1305
2016-01-01 17:50:00+00:00,432.09,432.09,432.09,432.09,0
2016-01-01 18:00:00+00:00,432.09,432.09,432.09,432.09,0
2016-01-01 18:10:00+00:00,432.09,432.09,432.09,432.09,0
2016-01-01 18:20:00+00:00,432.09,434.99,432.09,433.5,14385
2016-01-01 18:30:00+00:00,433.5,434.57,433.5,434.54,6455
2016-01-01 18:40:00+00:00,434.54,434.54,433.43,433.43,10
2016-01-01 18:50:00+00:00,433.43,435.0,433.43,434.5,14625
2016-01-01 19:00:00+00:00,434.5,434.5,433.68,433.68,5
2016-01-01 19:10:00+00:00,433.68,434.0,433.68,434.0,2000
2016-01-01 19:20:00+00:00,434.0,434.0,434.0,434.0,0
2016-01-01 19:30:00+00:00,434.0,434.0,434.0,434.0,0
2016-01-01 19:40:00+00:00,434.0,434.0,433.74,433.92,1100
2016-01-01 19:50:00+00:00,433.92,434.0,433.8,434.0,2700
2016-01-01 20:00:00+00:00,434.0,434.2,434.0,434.2,100
2016-01-01 20:10:00+00:00,434.2,434.34,434.2,434.34,550
2016-01-01 20:20:00+00:00,434.34,435.15,434.15,435.15,5500
2016-01-01 20:30:00+00:00,435.15,435.15,434.91,434.91,21
2016-01-01 20:40:00+00:00,434.91,434.91,434.05,434.7,2530
2016-01-01 20:50:00+00:00,434.7,434.7,434.7,434.7,0
2016-01-01 21:00:00+00:00,434.7,434.7,434.7,434.7,0
2016-01-01 21:10:00+00:00,434.7,435.72,434.65,435.72,1750
2016-01-01 21:20:00+00:00,435.72,435.83,435.72,435.83,30
2016-01-01 21:30:00+00:00,435.83,436.15,435.83,436.15,1160
2016-01-01 21:40:00+00:00,436.15,436.15,435.88,435.88,36
2016-01-01 21:50:00+00:00,435.88,435.88,435.37,435.37,6064
2016-01-01 22:00:00+00:00,435.37,436.0,435.09,436.0,1181
2016-01-01 22:10:00+00:00,436.0,436.11,435.55,435.55,4023
2016-01-01 22:20:00+00:00,435.55,435.98,435.03,435.53,5211
2016-01-01 22:30:00+00:00,435.53,435.83,435.53,435.83,1610
2016-01-01 22:40:00+00:00,435.83,435.83,435.0,435.0,4691
2016-01-01 22:50:00+00:00,435.0,435.12,435.0,435.12,940
2016-01-01 23:00:00+00:00,435.12,435.55,435.0,435.0,4800
2016-01-01 23:10:00+00:00,435.0,436.06,435.0,435.22,7500
2016-01-01 23:20:00+00:00,435.22,436.2,435.22,436.0,2894
2016-01-01 23:30:00+00:00,436.0,436.0,435.0,435.0,21241
2016-01-01 23:40:00+00:00,435.0,435.82,435.0,435.29,22470
2016-01-01 23:50:00+00:00,435.29,435.99,435.29,435.99,3233
2016-01-02 00:00:00+00:00,435.99,438.0,435.99,436.39,28646
2016-01-02 00:10:00+00:00,436.39,436.63,435.65,435.65,3278
2016-01-02 00:20:00+00:00,435.65,436.83,435.65,436.0,1200
2016-01-02 00:30:00+00:00,436.0,436.37,436.0,436.37,2900
2016-01-02 00:40:00+00:00,436.37,437.0,436.37,437.0,7604
2016-01-02 00:50:00+00:00,437.0,437.0,436.0,436.0,3852
2016-01-02 01:00:00+00:00,436.0,436.0,435.04,435.04,1300
2016-01-02 01:10:00+00:00,435.04,436.0,435.0,435.0,12120
2016-01-02 01:20:00+00:00,435.0,435.0,435.0,435.0,0
2016-01-02 01:30:00+00:00,435.0,435.0,434.38,434.38,8510
2016-01-02 01:40:00+00:00,434.38,434.38,429.43,431.79,69873
2016-01-02 01:50:00+00:00,431.79,432.0,431.67,432.0,54163
2016-01-02 02:00:00+00:00,432.0,432.0,432.0,432.0,654
2016-01-02 02:10:00+00:00,432.0,432.04,430.38,430.96,16519
2016-01-02 02:20:00+00:00,430.96,431.45,430.4,431.29,25000
2016-01-02 02:30:00+00:00,431.29,431.29,431.28,431.28,46
2016-01-02 02:40:00+00:00,431.28,431.28,430.15,431.0,252
2016-01-02 02:50:00+00:00,431.0,431.0,431.0,431.0,100
2016-01-02 03:00:00+00:00,431.0,431.0,431.0,431.0,900
2016-01-02 03:10:00+00:00,431.0,431.0,431.0,431.0,0
2016-01-02 03:20:00+00:00,431.0,431.99,431.0,431.99,2350
2016-01-02 03:30:00+00:00,431.99,431.99,429.25,429.25,25396
2016-01-02 03:40:00+00:00,429.25,431.2,429.25,430.85,27169
2016-01-02 03:50:00+00:00,430.85,431.19,430.85,431.19,1099
2016-01-02 04:00:00+00:00,431.19,431.98,430.62,430.62,1470
2016-01-02 04:10:00+00:00,430.62,430.64,430.62,430.64,100
2016-01-02 04:20:00+00:00,430.64,431.46,430.64,431.35,7300
2016-01-02 04:30:00+00:00,431.35,431.35,431.35,431.35,0
2016-01-02 04:40:00+00:00,431.35,432.11,431.35,432.11,7200
2016-01-02 04:50:00+00:00,432.11,433.0,431.77,431.77,22114
2016-01-02 05:00:00+00:00,431.77,432.6,431.76,432.6,801
2016-01-02 05:10:00+00:00,432.6,432.6,431.0,431.53,10000
2016-01-02 05:20:00+00:00,431.53,432.57,431.53,432.57,250
2016-01-02 05:30:00+00:00,432.57,432.57,432.57,432.57,0
2016-01-02 05:40:00+00:00,432.57,432.57,431.3,432.1,1650
2016-01-02 05:50:00+00:00,432.1,432.19,432.1,432.19,200
2016-01-02 06:00:00+00:00,432.19,432.19,431.51,431.51,4080
2016-01-02 06:10:00+00:00,431.51,432.1,431.51,432.09,508
2016-01-02 06:20:00+00:00,432.09,432.09,432.09,432.09,0
2016-01-02 06:30:00+00:00,432.09,432.09,431.79,431.79,572
2016-01-02 06:40:00+00:00,431.79,431.79,431.42,431.42,2500
2016-01-02 06:50:00+00:00,431.42,431.42,431.42,431.42,0
2016-01-02 07:00:00+00:00,431.42,432.37,431.42,432.37,4530
2016-01-02 07:10:00+00:00,432.37,432.37,431.56,431.56,2654
2016-01-02 07:20:00+00:00,431.56,431.75,431.56,431.75,1100
2016-01-02 07:30:00+00:00,431.75,431.75,431.75,431.75,110
2016-01-02 07:40:00+00:00,431.75,432.37,431.66,431.71,9240
2016-01-02 07:50:00+00:00,431.71,431.71,431.71,431.71,0
2016-01-02 08:00:00+00:00,431.71,431.9,431.71,431.9,2000
2016-01-02 08:10:00+00:00,431.9,431.9,431.1,431.1,1000
2016-01-02 08:20:00+00:00,431.1,432.1,431.1,432.1,4000
2016-01-02 08:30:00+00:00,432.1,432.1,431.98,431.98,690
2016-01-02 08:40:00+00:00,431.98,431.98,431.98,431.98,0
2016-01-02 08:50:00+00:00,431.98,431.98,431.98,431.98,0
2016-01-02 09:00:00+00:00,431.98,431.98,431.98,431.98,0
2016-01-02 09:10:00+00:00,431.98,431.98,431.98,431.98,0
2016-01-02 09:20:00+00:00,431.98,431.98,431.98,431.98,0
2016-01-02 09:30:00+00:00,431.98,432.39,431.98,432.39,300
2016-01-02 09:40:00+00:00,432.39,432.4,432.1,432.4,6000
2016-01-02 09:50:00+00:00,432.4,432.44,432.4,432.44,6000
2016-01-02 10:00:00+00:00,432.44,433.31,432.44,433.31,5400
2016-01-02 10:10:00+00:00,433.31,433.31,433.31,433.31,0
2016-01-02 10:20:00+00:00,433.31,433.31,433.31,433.31,0
2016-01-02 10:30:00+00:00,433.31,433.31,432.5,432.5,1200
2016-01-02 10:40:00+00:00,432.5,432.5,432.15,432.15,1000
2016-01-02 10:50:00+00:00,432.15,432.88,432.15,432.76,8500
2016-01-02 11:00:00+00:00,432.76,433.5,432.76,433.29,6050
2016-01-02 11:10:00+00:00,433.29,433.55,433.29,433.55,100
2016-01-02 11:20:00+00:00,433.55,433.65,432.9,433.5,2200
2016-01-02 11:30:00+00:00,433.5,433.5,433.5,433.5,0
2016-01-02 11:40:00+00:00,433.5,433.5,433.0,433.0,300
2016-01-02 11:50:00+00:00,433.0,433.47,433.0,433.47,3796
2016-01-02 12:00:00+00:00,433.47,433.47,432.12,432.12,100
2016-01-02 12:10:00+00:00,432.12,432.47,432.12,432.35,8440
2016-01-02 12:20:00+00:00,432.35,433.89,432.35,433.89,120
2016-01-02 12:30:00+00:00,433.89,433.97,433.89,433.97,150
2016-01-02 12:40:00+00:00,433.97,433.97,432.99,433.0,2000
2016-01-02 12:50:00+00:00,433.0,433.22,433.0,433.22,250
2016-01-02 13:00:00+00:00,433.22,433.22,432.67,432.68,2351
2016-01-02 13:10:00+00:00,432.68,432.98,432.68,432.98,150
2016-01-02 13:20:00+00:00,432.98,433.3,432.91,433.3,6925
2016-01-02 13:30:00+00:00,433.3,433.3,433.3,433.3,415
2016-01-02 13:40:00+00:00,433.3,433.3,432.58,432.58,100
2016-01-02 13:50:00+00:00,432.58,432.58,432.58,432.58,0
2016-01-02 14:00:00+00:00,432.58,433.25,432.58,433.25,260
2016-01-02 14:10:00+00:00,433.25,433.25,433.25,433.25,0
2016-01-02 14:20:00+00:00,433.25,433.25,433.25,433.25,740
2016-01-02 14:30:00+00:00,433.25,433.58,433.25,433.3,2260
2016-01-02 14:40:00+00:00,433.3,433.3,432.58,433.25,6500
2016-01-02 14:50:00+00:00,433.25,433.25,433.25,433.25,0
2016-01-02 15:00:00+00:00,433.25,433.25,432.57,432.58,5555
2016-01-02 15:10:00+00:00,432.58,432.58,432.58,432.58,0
2016-01-02 15:20:00+00:00,432.58,432.58,432.57,432.58,9300
2016-01-02 15:30:00+00:00,432.58,432.58,432.3,432.3,200
2016-01-02 15:40:00+00:00,432.3,432.3,432.3,432.3,0
2016-01-02 15:50:00+00:00,432.3,432.3,432.3,432.3,0
2016-01-02 16:00:00+00:00,432.3,434.0,432.3,434.0,6720
2016-01-02 16:10:00+00:00,434.0,434.0,434.0,434.0,30
2016-01-02 16:20:00+00:00,434.0,434.0,434.0,434.0,0
2016-01-02 16:30:00+00:00,434.0,434.0,434.0,434.0,0
2016-01-02 16:40:00+00:00,434.0,434.0,434.0,434.0,0
2016-01-02 16:50:00+00:00,434.0,434.0,434.0,434.0,0
2016-01-02 17:00:00+00:00,434.0,434.0,434.0,434.0,470
2016-01-02 17:10:00+00:00,434.0,434.08,434.0,434.0,2800
2016-01-02 17:20:00+00:00,434.0,434.08,433.44,434.08,5003
2016-01-02 17:30:00+00:00,434.08,436.0,434.08,436.0,13641
2016-01-02 17:40:00+00:00,436.0,436.58,435.5,436.0,616
2016-01-02 17:50:00+00:00,436.0,436.0,436.0,436.0,0
2016-01-02 18:00:00+00:00,436.0,436.0,435.04,435.04,138
2016-01-02 18:10:00+00:00,435.04,435.42,434.87,435.41,3452
2016-01-02 18:20:00+00:00,435.41,435.41,435.41,435.41,0
2016-01-02 18:30:00+00:00,435.41,435.41,435.0,435.0,1789
2016-01-02 18:40:00+00:00,435.0,435.13,434.87,435.13,350
2016-01-02 18:50:00+00:00,435.13,435.17,435.13,435.17,2000
2016-01-02 19:00:00+00:00,435.17,435.17,435.17,435.17,0
2016-01-02 19:10:00+00:00,435.17,435.17,435.17,435.17,0
2016-01-02 19:20:00+00:00,435.17,435.17,434.87,434.87,100
2016-01-02 19:30:00+00:00,434.87,435.0,434.57,435.0,3200
2016-01-02 19:40:00+00:00,435.0,435.2,435.0,435.2,12100
2016-01-02 19:50:00+00:00,435.2,435.21,434.75,435.0,11635
2016-01-02 20:00:00+00:00,435.0,435.0,434.05,434.88,14291
2016-01-02 20:10:00+00:00,434.88,435.0,434.88,435.0,301
2016-01-02 20:20:00+00:00,435.0,435.0,434.82,434.83,1838
2016-01-02 20:30:00+00:00,434.83,434.84,434.82,434.84,166
2016-01-02 20:40:00+00:00,434.84,435.0,434.82,435.0,622
2016-01-02 20:50:00+00:00,435.0,435.0,435.0,435.0,256
2016-01-02 21:00:00+00:00,435.0,435.33,435.0,435.0,2611
2016-01-02 21:10:00+00:00,435.0,435.0,435.0,435.0,0
2016-01-02 21:20:00+00:00,435.0,435.0,435.0,435.0,0
2016-01-02 21:30:00+00:00,435.0,435.0,435.0,435.0,0
2016-01-02 21:40:00+00:00,435.0,435.05,435.0,435.05,4000
2016-01-02 21:50:00+00:00,435.05,435.05,435.05,435.05,0
2016-01-02 22:00:00+00:00,435.05,435.05,434.82,434.82,2523
2016-01-02 22:10:00+00:00,434.82,435.0,434.76,435.0,15646
2016-01-02 22:20:00+00:00,435.0,435.0,434.5,434.97,3546
2016-01-02 22:30:00+00:00,434.97,435.5,434.72,434.72,251
2016-01-02 22:40:00+00:00,434.72,435.5,434.72,435.5,2750
2016-01-02 22:50:00+00:00,435.5,435.5,435.5,435.5,500
2016-01-02 23:00:00+00:00,435.5,435.5,435.5,435.5,0
2016-01-02 23:10:00+00:00,435.5,435.71,435.5,435.71,2000
2016-01-02 23:20:00+00:00,435.71,435.71,435.19,435.19,200
2016-01-02 23:30:00+00:00,435.19,435.19,435.19,435.19,100
2016-01-02 23:40:00+00:00,435.19,435.19,435.0,435.0,1700
2016-01-02 23:50:00+00:00,435.0,435.0,435.0,435.0,0
2016-01-03 00:00:00+00:00,435.0,435.0,434.24,434.24,644
2016-01-03 00:10:00+00:00,434.24,435.4,434.24,435.4,2096
2016-01-03 00:20:00+00:00,435.4,435.4,435.4,435.4,0
2016-01-03 00:30:00+00:00,435.4,435.4,435.0,435.0,3138
2016-01-03 00:40:00+00:00,435.0,435.0,435.0,435.0,0
2016-01-03 00:50:00+00:00,435.0,435.0,434.88,435.0,60
2016-01-03 01:00:00+00:00,435.0,435.0,434.99,434.99,4372
2016-01-03 01:10:00+00:00,434.99,434.99,434.99,434.99,0
2016-01-03 01:20:00+00:00,434.99,434.99,431.5,432.6,21651
2016-01-03 01:30:00+00:00,432.6,432.63,431.89,432.58,14300
2016-01-03 01:40:00+00:00,432.58,434.0,432.58,434.0,15461
2016-01-03 01:50:00+00:00,434.0,434.0,432.41,433.0,10557
